osu file format v14

[General]
AudioFilename: BreakcorePiano Hitohira Distant Phantasm.mp3
AudioLeadIn: 0
PreviewTime: -1
Countdown: 1
SampleSet: Normal
StackLeniency: 0.7
Mode: 0
LetterboxInBreaks: 1
WidescreenStoryboard: 1

[Editor]
Bookmarks: 68165,68500,70511,73025,73528,79226
DistanceSpacing: 0.8
BeatDivisor: 4
GridSize: 4
TimelineZoom: 1.9

[Metadata]
Title:Distant Phantasm
TitleUnicode:Distant Phantasm
Artist:Hitohira
ArtistUnicode:Hitohira
Creator:jKazej
Version:Return Collab
Source:
Tags:touhou, breakcore, piano, nitori
BeatmapID:0
BeatmapSetID:-1

[Difficulty]
HPDrainRate:5
CircleSize:4
OverallDifficulty:7
ApproachRate:9.4
SliderMultiplier:1.4
SliderTickRate:1

[Events]
//Background and Video events
//Break Periods
//Storyboard Layer 0 (Background)
//Storyboard Layer 1 (Fail)
//Storyboard Layer 2 (Pass)
//Storyboard Layer 3 (Foreground)
//Storyboard Sound Samples

[TimingPoints]
1126,335.195530726257,4,1,0,100,1,0


[HitObjects]
76,160,1126,6,0,P|144:112|212:132,1,140
320,180,1796,1,0,0:0:0:0:
400,280,2131,2,0,P|360:232|276:240,1,140
184,272,2801,1,0,0:0:0:0:
428,68,3137,6,0,B|400:76|388:68|388:68|384:84|384:84|364:72|364:72|352:104|352:104|328:92,1,140
84,224,3807,1,0,0:0:0:0:
84,72,4142,2,0,B|120:60|144:96|144:96|168:84|168:84|192:108|192:108|168:112,1,140
288,168,4813,1,0,0:0:0:0:
352,308,5148,5,0,0:0:0:0:
300,176,5483,1,0,0:0:0:0:
234,308,5818,1,0,0:0:0:0:
182,176,6153,1,0,0:0:0:0:
196,76,6489,5,0,0:0:0:0:
248,208,6824,1,0,0:0:0:0:
296,76,7159,1,0,0:0:0:0:
348,208,7494,1,0,0:0:0:0:
72,272,7829,5,0,0:0:0:0:
404,128,8165,2,0,B|372:168|340:176|316:156|276:148|268:164,1,140
104,72,9170,5,0,0:0:0:0:
216,152,9505,1,0,0:0:0:0:
408,312,9841,1,0,0:0:0:0:
296,232,10176,1,0,0:0:0:0:
336,112,10511,5,0,0:0:0:0:
96,324,10846,2,0,B|128:288|160:288|192:304|244:280,1,140
324,192,11517,1,0,0:0:0:0:
76,68,11852,2,0,B|120:96|128:132|168:136|220:108,1,140
100,72,12857,5,0,0:0:0:0:
228,288,13193,1,0,0:0:0:0:
328,172,13528,1,0,0:0:0:0:
232,188,13863,1,0,0:0:0:0:
412,72,14198,5,0,0:0:0:0:
196,224,14534,1,0,0:0:0:0:
392,272,14869,1,0,0:0:0:0:
260,92,15204,1,0,0:0:0:0:
100,72,15874,1,0,0:0:0:0:
412,72,16209,1,0,0:0:0:0:
216,128,17215,2,0,L|292:92,1,70
182,208,17550,2,0,L|210:288,1,70
276,268,17885,2,0,L|355:239,1,70
352,188,18220,2,0,L|316:111,1,70
180,100,18556,6,0,L|256:64,1,70
152,208,18891,2,0,L|210:288,1,70
304,292,19226,2,0,L|383:263,1,70
388,176,19561,2,0,L|352:99,1,70
160,104,19896,6,0,L|236:68,1,70
96,220,20231,2,0,L|124:300,1,70
312,312,20566,2,0,L|355:239,1,70
384,148,20901,2,0,L|348:71,1,70
108,72,21237,6,0,L|184:36,1,70
168,284,21572,2,0,L|135:222,1,70
388,324,21907,2,0,L|467:295,1,70
436,140,22242,2,0,L|400:63,1,70
208,72,22578,6,0,L|292:92,1,70
92,184,22913,2,0,L|120:264,1,70
332,244,23248,2,0,L|411:215,1,70
412,128,23583,2,0,L|376:51,1,70
136,96,23919,6,0,L|212:72,1,70
120,264,24254,2,0,L|96:197,1,70
320,328,24589,2,0,L|399:299,1,70
392,120,24924,2,0,L|356:43,1,70
92,76,25260,6,0,L|168:100,1,70
104,196,25595,2,0,L|72:272,1,70
228,244,25930,2,0,L|320:280,1,70
384,152,26265,2,0,L|408:80,1,70
322,124,26600,6,0,L|352:188,1,70
341,243,26935,2,0,L|276:268,1,70
205,274,27270,2,0,L|182:208,1,70
279,98,27605,2,0,L|216:128,1,70
216,128,27941,6,0,L|292:92,1,70
182,208,28276,2,0,L|210:288,1,70
276,268,28611,2,0,L|355:239,1,70
352,188,28946,6,0,L|316:111,1,70
144,252,29282,5,0,0:0:0:0:
280,88,29617,1,0,0:0:0:0:
416,264,29785,5,0,0:0:0:0:
416,264,29952,1,0,0:0:0:0:
416,264,30120,1,0,0:0:0:0:
200,120,30288,1,0,0:0:0:0:
192,132,30371,1,0,0:0:0:0:
200,144,30455,1,0,0:0:0:0:
416,92,30623,5,0,0:0:0:0:
424,112,30707,1,0,0:0:0:0:
432,132,30790,1,0,0:0:0:0:
432,152,30874,1,0,0:0:0:0:
428,168,30958,1,0,0:0:0:0:
104,276,31126,5,0,0:0:0:0:
48,76,31293,1,0,0:0:0:0:
84,102,31377,1,0,0:0:0:0:
120,128,31461,1,0,0:0:0:0:
155,153,31544,1,0,0:0:0:0:
191,179,31628,1,0,0:0:0:0:
256,192,31796,5,0,0:0:0:0:
352,276,31963,1,0,0:0:0:0:
260,328,32131,1,0,0:0:0:0:
260,328,32215,1,0,0:0:0:0:
260,328,32299,1,0,0:0:0:0:
260,328,32382,1,0,0:0:0:0:
260,328,32466,1,0,0:0:0:0:
260,328,32550,1,0,0:0:0:0:
248,316,32634,2,0,L|220:288,2,35,0|0|0,0:0|0:0|0:0,0:0:0:0:
100,176,32969,5,0,0:0:0:0:
208,176,33137,1,0,0:0:0:0:
100,176,33304,1,0,0:0:0:0:
312,176,33639,5,0,0:0:0:0:
440,180,33975,2,0,B|424:168|400:176|384:208,2,70,0|0|0,0:0|0:0|0:0,0:0:0:0:
100,132,34645,6,0,B|128:92|204:104|208:160,1,140
148,216,35148,2,0,P|168:252|200:244,1,70
376,200,35651,1,0,0:0:0:0:
96,316,35986,1,0,0:0:0:0:
156,64,36321,1,0,0:0:0:0:
392,288,36656,6,0,P|356:320|320:296,1,70
296,208,36991,2,0,P|247:210|239:253,1,70
202,316,37327,6,0,B|236:315|252:328|284:316|316:312|316:312|296:280,1,140
144,288,37997,5,0,0:0:0:0:
96,212,38165,1,0,0:0:0:0:
144,140,38332,1,0,0:0:0:0:
208,80,38500,1,0,0:0:0:0:
272,140,38667,1,0,0:0:0:0:
316,212,38835,1,0,0:0:0:0:
324,224,38919,1,0,0:0:0:0:
332,236,39003,1,0,0:0:0:0:
280,292,39170,1,0,0:0:0:0:
144,288,39338,6,0,L|288:292,1,140
128,288,40008,1,0,0:0:0:0:
296,292,40343,1,0,0:0:0:0:
404,132,40679,6,0,P|364:120|384:152,1,70
128,132,41014,2,0,P|168:120|148:152,1,70
376,240,41349,1,0,0:0:0:0:
152,296,41684,5,0,0:0:0:0:
224,76,42019,1,0,0:0:0:0:
320,300,42355,1,0,0:0:0:0:
404,132,42690,6,0,P|364:120|384:152,1,70
128,132,43025,2,0,P|168:120|148:152,1,70
320,300,43360,1,0,0:0:0:0:
104,100,44031,5,0,0:0:0:0:
348,328,44366,1,0,0:0:0:0:
356,140,44701,5,0,0:0:0:0:
180,224,44869,2,0,P|200:196|256:208,1,70
320,220,45204,1,0,0:0:0:0:
304,108,45371,6,0,P|256:84|192:152,1,140
76,276,46042,1,0,0:0:0:0:
184,64,46377,1,0,0:0:0:0:
180,208,46712,2,0,P|216:200|240:244,1,70
396,280,47047,1,0,0:0:0:0:
288,68,47382,1,0,0:0:0:0:
332,208,47718,2,0,P|296:200|272:244,1,70
104,132,48053,5,0,0:0:0:0:
284,296,48388,1,0,0:0:0:0:
236,176,48556,1,0,0:0:0:0:
384,132,48723,5,0,0:0:0:0:
204,296,49058,1,0,0:0:0:0:
272,64,49394,5,0,0:0:0:0:
280,76,49477,1,0,0:0:0:0:
288,88,49561,1,0,0:0:0:0:
332,184,49729,1,0,0:0:0:0:
368,304,49896,1,0,0:0:0:0:
368,304,50064,5,0,0:0:0:0:
136,224,50232,1,0,0:0:0:0:
220,320,50399,2,0,P|200:328|184:320,2,35,0|0|0,0:0|0:0|0:0,0:0:0:0:
68,52,50734,5,0,0:0:0:0:
88,72,50817,1,0,0:0:0:0:
108,92,50901,1,0,0:0:0:0:
128,112,50986,1,0,0:0:0:0:
147,131,51070,1,0,0:0:0:0:
167,151,51153,1,0,0:0:0:0:
187,171,51237,1,0,0:0:0:0:
304,204,51405,5,0,0:0:0:0:
432,120,51572,2,0,P|384:88|360:104,1,70
120,132,51908,1,0,0:0:0:0:
120,132,52075,1,0,0:0:0:0:
168,252,52243,1,0,0:0:0:0:
336,76,52410,5,0,0:0:0:0:
328,96,52494,1,0,0:0:0:0:
320,112,52578,1,0,0:0:0:0:
360,296,52746,2,0,P|348:304|328:296,4,35,0|0|0|0|0,0:0|0:0|0:0|0:0|0:0,0:0:0:0:
128,280,53248,1,0,0:0:0:0:
88,88,53416,6,0,P|128:72|164:100,1,70
232,152,53751,1,0,0:0:0:0:
232,152,53919,1,0,0:0:0:0:
336,220,54086,1,0,0:0:0:0:
324,68,54254,1,0,0:0:0:0:
208,76,54422,2,0,L|176:100,2,35,0|0|0,0:0|0:0|0:0,0:0:0:0:
420,80,54757,5,0,0:0:0:0:
420,108,54840,1,0,0:0:0:0:
420,136,54924,1,0,0:0:0:0:
420,164,55008,1,0,0:0:0:0:
420,192,55092,1,0,0:0:0:0:
392,276,55260,1,0,0:0:0:0:
64,292,55427,6,0,P|104:276|152:292,1,70
260,296,55762,1,0,0:0:0:0:
176,128,55930,1,0,0:0:0:0:
176,128,56098,1,0,0:0:0:0:
344,64,56265,1,0,0:0:0:0:
112,176,56433,5,0,0:0:0:0:
136,164,56517,1,0,0:0:0:0:
164,160,56600,1,0,0:0:0:0:
192,164,56684,1,0,0:0:0:0:
216,180,56768,1,0,0:0:0:0:
232,192,56852,5,0,0:0:0:0:
256,204,56936,1,0,0:0:0:0:
284,208,57019,1,0,0:0:0:0:
312,204,57103,1,0,0:0:0:0:
336,188,57187,1,0,0:0:0:0:
360,176,57271,1,0,0:0:0:0:
176,72,57438,5,0,0:0:0:0:
380,288,57606,2,0,P|328:296|292:296,1,70
144,296,57941,1,0,0:0:0:0:
88,228,58109,1,0,0:0:0:0:
108,144,58276,1,0,0:0:0:0:
296,96,58444,5,0,0:0:0:0:
276,104,58528,1,0,0:0:0:0:
256,112,58612,1,0,0:0:0:0:
216,200,58779,5,0,0:0:0:0:
236,208,58863,1,0,0:0:0:0:
256,216,58947,1,0,0:0:0:0:
276,224,59031,1,0,0:0:0:0:
296,232,59114,1,0,0:0:0:0:
404,248,59282,5,0,0:0:0:0:
404,248,59450,1,0,0:0:0:0:
172,300,59617,1,0,0:0:0:0:
172,300,59785,1,0,0:0:0:0:
88,168,59952,2,0,P|96:128|140:136,1,70
236,84,60288,1,0,0:0:0:0:
392,112,60455,5,0,0:0:0:0:
392,112,60539,1,0,0:0:0:0:
392,112,60623,1,0,0:0:0:0:
88,96,60790,1,0,0:0:0:0:
108,96,60874,1,0,0:0:0:0:
128,96,60958,1,0,0:0:0:0:
144,96,61042,1,0,0:0:0:0:
156,96,61126,1,0,0:0:0:0:
220,180,61293,1,0,0:0:0:0:
404,316,61461,6,0,P|424:284|408:252,1,70
108,316,61796,2,0,P|88:284|104:252,1,70
264,276,62131,1,0,0:0:0:0:
220,180,62299,1,0,0:0:0:0:
428,64,62466,6,0,L|400:100,2,35,0|0|0,0:0|0:0|0:0,0:0:0:0:
304,208,62801,1,0,0:0:0:0:
320,192,62885,1,0,0:0:0:0:
336,176,62969,1,0,0:0:0:0:
352,160,63053,1,0,0:0:0:0:
368,144,63137,1,0,0:0:0:0:
256,272,63304,1,0,0:0:0:0:
160,80,63472,6,0,B|144:96|128:112|128:144,1,70
128,140,63807,1,0,0:0:0:0:
208,156,63975,5,0,0:0:0:0:
240,96,64142,1,0,0:0:0:0:
160,80,64310,2,0,B|144:96|128:112|128:144,1,70
128,160,64561,1,0,0:0:0:0:
128,176,64645,1,0,0:0:0:0:
128,192,64729,1,0,0:0:0:0:
128,208,64813,1,0,0:0:0:0:
192,288,64980,5,0,0:0:0:0:
288,288,65148,2,0,L|300:276,5,17.5,0|0|0|0|0|0,0:0|0:0|0:0|0:0|0:0|0:0,0:0:0:0:
440,92,65483,6,0,P|416:88|368:112,1,70
288,156,65818,1,0,0:0:0:0:
276,168,65902,1,0,0:0:0:0:
264,184,65986,1,0,0:0:0:0:
200,256,66153,6,0,P|176:260|128:236,1,70
160,72,66489,2,0,P|180:108|152:104,1,70
360,252,66824,1,0,0:0:0:0:
360,252,66908,1,0,0:0:0:0:
360,252,66991,1,0,0:0:0:0:
256,192,67159,5,0,0:0:0:0:
452,96,67327,1,0,0:0:0:0:
472,68,67410,1,0,0:0:0:0:
472,40,67494,2,0,B|396:24|396:24|320:80,1,140
220,60,67997,1,0,0:0:0:0:
412,48,68165,2,0,L|392:72,8,17.5
260,168,68667,1,0,0:0:0:0:
136,104,68835,5,0,0:0:0:0:
112,120,68919,1,0,0:0:0:0:
96,144,69003,1,0,0:0:0:0:
92,172,69086,2,0,L|120:224,3,35
140,248,69505,1,0,0:0:0:0:
280,248,69673,1,0,0:0:0:0:
256,64,69841,1,0,0:0:0:0:
264,92,69924,1,0,0:0:0:0:
288,108,70008,2,0,P|323:96|360:112,2,70
392,208,70511,1,0,0:0:0:0:
352,284,70679,2,0,L|400:288,1,35
284,308,70846,1,0,0:0:0:0:
248,352,71014,1,0,0:0:0:0:
44,224,71181,1,0,0:0:0:0:
56,252,71265,1,0,0:0:0:0:
80,268,71349,2,0,P|104:280|116:252,2,35
152,252,71600,1,0,0:0:0:0:
180,204,71684,1,0,0:0:0:0:
256,80,71852,5,0,0:0:0:0:
400,40,72019,1,0,0:0:0:0:
416,64,72103,1,0,0:0:0:0:
428,88,72187,2,0,P|456:156|392:200,1,140
480,340,72857,1,0,0:0:0:0:
312,224,73025,2,0,L|344:208,1,35
280,272,73193,1,0,0:0:0:0:
272,280,73360,1,0,0:0:0:0:
92,72,73528,2,0,L|180:72,1,70
92,72,73863,1,0,0:0:0:0:
88,76,74031,1,0,0:0:0:0:
92,80,74198,2,0,L|136:80,1,35
92,72,74366,1,0,0:0:0:0:
204,344,74533,2,0,B|264:320|220:272|220:272|268:212,1,140
360,140,75036,1,0,0:0:0:0:
472,40,75204,2,0,L|332:40,1,140
192,108,75707,1,0,0:0:0:0:
40,40,75874,5,0,0:0:0:0:
56,64,75958,1,0,0:0:0:0:
64,92,76042,1,0,0:0:0:0:
60,120,76126,1,0,0:0:0:0:
44,144,76209,1,0,0:0:0:0:
48,264,76377,2,0,L|68:308,2,35
195,196,76712,2,0,L|160:196,1,35
160,136,76880,2,0,L|208:136,1,35
180,76,77047,1,0,0:0:0:0:
284,140,77215,1,0,0:0:0:0:
384,216,77382,1,0,0:0:0:0:
468,320,77550,2,0,B|416:280|364:288|336:344,1,140
320,340,77969,1,0,0:0:0:0:
300,352,78053,1,0,0:0:0:0:
88,328,78220,1,0,0:0:0:0:
88,328,78304,1,0,0:0:0:0:
88,328,78388,2,0,L|128:328,2,35
188,176,78723,1,0,0:0:0:0:
188,176,78807,1,0,0:0:0:0:
223,176,78891,2,0,L|188:176,1,35
68,52,79226,1,0,0:0:0:0:
68,52,79394,1,0,0:0:0:0:
68,52,79477,1,0,0:0:0:0:
68,52,79561,2,0,L|168:52,1,70
68,52,79896,1,0,0:0:0:0:
68,52,80064,1,0,0:0:0:0:
68,52,80232,1,0,0:0:0:0:
68,52,80315,1,0,0:0:0:0:
68,52,80399,1,0,0:0:0:0:
68,52,80483,2,0,L|168:52,1,70
68,52,80734,1,0,0:0:0:0:
